	frame	subF	slot	1stSym	symbol#	cellId	rnti	tbSize	mcs	rv	SINR(dB)	corrupt	TBler	bwpId
UL	40	9	0	0	13	1	1	12	0	0	66.7726		0 	0 	1
UL	40	9	0	0	13	1	1	12	0	0	66.7726		0 	0 	1
UL	41	5	0	0	13	1	1	359	28	0	66.7726		0 	0 	1
UL	41	5	0	0	13	1	1	359	28	0	66.7726		0 	0 	1
UL	43	9	0	0	13	1	1	359	28	0	66.7726		0 	0 	1
UL	43	9	0	0	13	1	1	359	28	0	66.7726		0 	0 	1
DL	44	3	0	1	13	1	1	75	0	0	39.8201	0	0	0
UL	45	9	0	0	13	1	1	359	28	0	66.7726		0 	0 	1
UL	45	9	0	0	13	1	1	359	28	0	66.7726		0 	0 	1
UL	46	5	0	0	13	1	1	4340	28	0	56.6049		0 	0 	1
UL	46	5	0	0	13	1	1	4340	28	0	56.6049		0 	0 	1
UL	46	6	0	0	13	1	1	1447	28	0	60.9397		0 	0 	1
UL	46	6	0	0	13	1	1	1447	28	0	60.9397		0 	0 	1
DL	46	9	0	1	13	1	1	359	28	0	46.9319	0	0	0
DL	47	0	0	1	13	1	1	359	28	0	46.9319	0	0	0
UL	47	1	0	0	13	1	1	1085	28	0	62.1268		0 	0 	1
UL	47	9	0	0	13	1	1	359	28	0	66.7726		0 	0 	1
UL	47	9	0	0	13	1	1	359	28	0	66.7726		0 	0 	1
UL	48	5	0	0	13	1	1	4340	28	0	56.6049		0 	0 	1
UL	48	5	0	0	13	1	1	4340	28	0	56.6049		0 	0 	1
UL	48	6	0	0	13	1	1	3255	28	0	57.7085		0 	0 	1
UL	48	6	0	0	13	1	1	3255	28	0	57.7085		0 	0 	1
DL	48	9	0	1	13	1	1	359	28	0	46.9319	0	0	0
DL	49	0	0	1	13	1	1	359	28	0	46.9319	0	0	0
UL	49	1	0	0	13	1	1	3980	28	0	56.9372		0 	0 	1
UL	49	1	0	0	13	1	1	3980	28	0	56.9372		0 	0 	1
UL	49	2	0	0	13	1	1	2170	28	0	59.3002		0 	0 	1
DL	49	5	0	1	13	1	1	359	28	0	46.9319	0	0	0
UL	49	9	0	0	13	1	1	359	28	0	66.7726		0 	0 	1
UL	49	9	0	0	13	1	1	359	28	0	66.7726		0 	0 	1
UL	50	5	0	0	13	1	1	4340	28	0	56.6049		0 	0 	1
UL	50	5	0	0	13	1	1	4340	28	0	56.6049		0 	0 	1
UL	50	6	0	0	13	1	1	3255	28	0	57.7085		0 	0 	1
UL	50	6	0	0	13	1	1	3255	28	0	57.7085		0 	0 	1
DL	50	9	0	1	13	1	1	722	28	0	43.8489	0	0	0
DL	51	0	0	1	13	1	1	722	28	0	43.8489	0	0	0
UL	51	1	0	0	13	1	1	3980	28	0	56.9372		0 	0 	1
UL	51	1	0	0	13	1	1	3980	28	0	56.9372		0 	0 	1
UL	51	2	0	0	13	1	1	2170	28	0	59.3002		0 	0 	1
DL	51	5	0	1	13	1	1	359	28	0	46.9319	0	0	0
UL	51	9	0	0	13	1	1	359	28	0	66.7726		0 	0 	1
UL	51	9	0	0	13	1	1	359	28	0	66.7726		0 	0 	1
UL	52	5	0	0	13	1	1	4340	28	0	56.6049		0 	0 	1
UL	52	5	0	0	13	1	1	4340	28	0	56.6049		0 	0 	1
UL	52	6	0	0	13	1	1	1447	28	0	60.9397		0 	0 	1
UL	52	6	0	0	13	1	1	1447	28	0	60.9397		0 	0 	1
DL	52	9	0	1	13	1	1	722	28	0	43.8489	0	0	0
DL	53	0	0	1	13	1	1	359	28	0	46.9319	0	0	0
UL	53	1	0	0	13	1	1	1447	28	0	60.9397		0 	0 	1
UL	53	1	0	0	13	1	1	1447	28	0	60.9397		0 	0 	1
UL	53	2	0	0	13	1	1	359	28	0	66.7726		0 	0 	1
UL	53	9	0	0	13	1	1	359	28	0	66.7726		0 	0 	1
UL	53	9	0	0	13	1	1	359	28	0	66.7726		0 	0 	1
DL	54	3	0	1	13	1	1	359	28	0	46.9319	0	0	0
UL	54	5	0	0	13	1	1	3980	28	0	56.9372		0 	0 	1
UL	54	5	0	0	13	1	1	3980	28	0	56.9372		0 	0 	1
DL	54	9	0	1	13	1	1	722	28	0	43.8489	0	0	0
UL	55	1	0	0	13	1	1	1085	28	0	62.1268		0 	0 	1
UL	55	1	0	0	13	1	1	1085	28	0	62.1268		0 	0 	1
DL	55	5	0	1	13	1	1	359	28	0	46.9319	0	0	0
UL	55	7	0	0	13	1	1	722	28	0	63.8251		0 	0 	1
UL	55	7	0	0	13	1	1	722	28	0	63.8251		0 	0 	1
DL	56	1	0	1	13	1	1	359	28	0	46.9319	0	0	0
UL	56	4	0	0	13	1	1	4340	28	0	56.6049		0 	0 	1
UL	56	4	0	0	13	1	1	4340	28	0	56.6049		0 	0 	1
UL	56	5	0	0	13	1	1	3255	28	0	57.7085		0 	0 	1
UL	56	5	0	0	13	1	1	3255	28	0	57.7085		0 	0 	1
DL	56	8	0	1	13	1	1	722	28	0	43.8489	0	0	0
DL	56	9	0	1	13	1	1	359	28	0	46.9319	0	0	0
UL	57	0	0	0	13	1	1	3980	28	0	56.9372		0 	0 	1
UL	57	0	0	0	13	1	1	3980	28	0	56.9372		0 	0 	1
UL	57	1	0	0	13	1	1	2895	28	0	58.1658		0 	0 	1
DL	57	4	0	1	13	1	1	359	28	0	46.9319	0	0	0
UL	57	9	0	0	13	1	1	359	28	0	66.7726		0 	0 	1
UL	57	9	0	0	13	1	1	359	28	0	66.7726		0 	0 	1
UL	58	5	0	0	13	1	1	4340	28	0	56.6049		0 	0 	1
UL	58	5	0	0	13	1	1	4340	28	0	56.6049		0 	0 	1
UL	58	6	0	0	13	1	1	3255	28	0	57.7085		0 	0 	1
UL	58	6	0	0	13	1	1	3255	28	0	57.7085		0 	0 	1
DL	58	9	0	1	13	1	1	359	28	0	46.9319	0	0	0
DL	59	0	0	1	13	1	1	359	28	0	46.9319	0	0	0
UL	59	1	0	0	13	1	1	3980	28	0	56.9372		0 	0 	1
UL	59	1	0	0	13	1	1	3980	28	0	56.9372		0 	0 	1
UL	59	2	0	0	13	1	1	2170	28	0	59.3002		0 	0 	1
DL	59	5	0	1	13	1	1	359	28	0	46.9319	0	0	0
UL	59	9	0	0	13	1	1	359	28	0	66.7726		0 	0 	1
UL	59	9	0	0	13	1	1	359	28	0	66.7726		0 	0 	1
UL	60	5	0	0	13	1	1	4340	28	0	56.6049		0 	0 	1
UL	60	5	0	0	13	1	1	4340	28	0	56.6049		0 	0 	1
UL	60	6	0	0	13	1	1	3255	28	0	57.7085		0 	0 	1
UL	60	6	0	0	13	1	1	3255	28	0	57.7085		0 	0 	1
DL	60	9	0	1	13	1	1	722	28	0	43.8489	0	0	0
DL	61	0	0	1	13	1	1	722	28	0	43.8489	0	0	0
UL	61	1	0	0	13	1	1	3980	28	0	56.9372		0 	0 	1
UL	61	1	0	0	13	1	1	3980	28	0	56.9372		0 	0 	1
UL	61	2	0	0	13	1	1	2170	28	0	59.3002		0 	0 	1
DL	61	5	0	1	13	1	1	359	28	0	46.9319	0	0	0
UL	61	9	0	0	13	1	1	359	28	0	66.7726		0 	0 	1
UL	61	9	0	0	13	1	1	359	28	0	66.7726		0 	0 	1
UL	62	5	0	0	13	1	1	4340	28	0	56.6049		0 	0 	1
UL	62	5	0	0	13	1	1	4340	28	0	56.6049		0 	0 	1
UL	62	6	0	0	13	1	1	1447	28	0	60.9397		0 	0 	1
UL	62	6	0	0	13	1	1	1447	28	0	60.9397		0 	0 	1
DL	62	9	0	1	13	1	1	722	28	0	43.8489	0	0	0
DL	63	0	0	1	13	1	1	359	28	0	46.9319	0	0	0
UL	63	1	0	0	13	1	1	1447	28	0	60.9397		0 	0 	1
UL	63	1	0	0	13	1	1	1447	28	0	60.9397		0 	0 	1
UL	63	2	0	0	13	1	1	359	28	0	66.7726		0 	0 	1
UL	63	9	0	0	13	1	1	359	28	0	66.7726		0 	0 	1
UL	63	9	0	0	13	1	1	359	28	0	66.7726		0 	0 	1
UL	64	5	0	0	13	1	1	4340	28	0	56.6049		0 	0 	1
UL	64	5	0	0	13	1	1	4340	28	0	56.6049		0 	0 	1
UL	64	6	0	0	13	1	1	1447	28	0	60.9397		0 	0 	1
UL	64	6	0	0	13	1	1	1447	28	0	60.9397		0 	0 	1
DL	64	9	0	1	13	1	1	359	28	0	46.9319	0	0	0
DL	65	0	0	1	13	1	1	359	28	0	46.9319	0	0	0
UL	65	1	0	0	13	1	1	1447	28	0	60.9397		0 	0 	1
UL	65	1	0	0	13	1	1	1447	28	0	60.9397		0 	0 	1
UL	65	2	0	0	13	1	1	359	28	0	66.7726		0 	0 	1
UL	65	9	0	0	13	1	1	359	28	0	66.7726		0 	0 	1
UL	65	9	0	0	13	1	1	359	28	0	66.7726		0 	0 	1
DL	66	3	0	1	13	1	1	359	28	0	46.9319	0	0	0
UL	66	5	0	0	13	1	1	3980	28	0	56.9372		0 	0 	1
UL	66	5	0	0	13	1	1	3980	28	0	56.9372		0 	0 	1
DL	66	9	0	1	13	1	1	359	28	0	46.9319	0	0	0
UL	67	1	0	0	13	1	1	1447	28	0	60.9397		0 	0 	1
UL	67	1	0	0	13	1	1	1447	28	0	60.9397		0 	0 	1
DL	67	5	0	1	13	1	1	359	28	0	46.9319	0	0	0
UL	67	7	0	0	13	1	1	1085	28	0	62.1268		0 	0 	1
UL	67	7	0	0	13	1	1	1085	28	0	62.1268		0 	0 	1
DL	68	1	0	1	13	1	1	359	28	0	46.9319	0	0	0
UL	68	3	0	0	13	1	1	2895	28	0	58.1658		0 	0 	1
UL	68	3	0	0	13	1	1	2895	28	0	58.1658		0 	0 	1
DL	68	7	0	1	13	1	1	359	28	0	46.9319	0	0	0
UL	68	9	0	0	13	1	1	2170	28	0	59.3002		0 	0 	1
UL	68	9	0	0	13	1	1	2170	28	0	59.3002		0 	0 	1
DL	69	3	0	1	13	1	1	359	28	0	46.9319	0	0	0
UL	69	5	0	0	13	1	1	1085	28	0	62.1268		0 	0 	1
UL	69	5	0	0	13	1	1	1085	28	0	62.1268		0 	0 	1
UL	70	1	0	0	13	1	1	2895	28	0	58.1658		0 	0 	1
UL	70	1	0	0	13	1	1	2895	28	0	58.1658		0 	0 	1
DL	70	5	0	1	13	1	1	359	28	0	46.9319	0	0	0
UL	70	7	0	0	13	1	1	2895	28	0	58.1658		0 	0 	1
UL	70	7	0	0	13	1	1	2895	28	0	58.1658		0 	0 	1
DL	71	1	0	1	13	1	1	359	28	0	46.9319	0	0	0
UL	71	3	0	0	13	1	1	359	28	0	66.7726		0 	0 	1
UL	71	3	0	0	13	1	1	359	28	0	66.7726		0 	0 	1
DL	71	7	0	1	13	1	1	359	28	0	46.9319	0	0	0
UL	71	9	0	0	13	1	1	2895	28	0	58.1658		0 	0 	1
UL	71	9	0	0	13	1	1	2895	28	0	58.1658		0 	0 	1
DL	72	3	0	1	13	1	1	359	28	0	46.9319	0	0	0
UL	72	5	0	0	13	1	1	2895	28	0	58.1658		0 	0 	1
UL	72	5	0	0	13	1	1	2895	28	0	58.1658		0 	0 	1
DL	72	9	0	1	13	1	1	359	28	0	46.9319	0	0	0
UL	73	1	0	0	13	1	1	1447	28	0	60.9397		0 	0 	1
UL	73	1	0	0	13	1	1	1447	28	0	60.9397		0 	0 	1
DL	73	5	0	1	13	1	1	359	28	0	46.9319	0	0	0
UL	73	7	0	0	13	1	1	2170	28	0	59.3002		0 	0 	1
UL	73	7	0	0	13	1	1	2170	28	0	59.3002		0 	0 	1
DL	74	1	0	1	13	1	1	359	28	0	46.9319	0	0	0
UL	74	3	0	0	13	1	1	2895	28	0	58.1658		0 	0 	1
UL	74	3	0	0	13	1	1	2895	28	0	58.1658		0 	0 	1
DL	74	7	0	1	13	1	1	359	28	0	46.9319	0	0	0
UL	74	9	0	0	13	1	1	2170	28	0	59.3002		0 	0 	1
UL	74	9	0	0	13	1	1	2170	28	0	59.3002		0 	0 	1
DL	75	3	0	1	13	1	1	359	28	0	46.9319	0	0	0
UL	75	5	0	0	13	1	1	2170	28	0	59.3002		0 	0 	1
UL	75	5	0	0	13	1	1	2170	28	0	59.3002		0 	0 	1
DL	75	9	0	1	13	1	1	359	28	0	46.9319	0	0	0
UL	76	1	0	0	13	1	1	2170	28	0	59.3002		0 	0 	1
UL	76	1	0	0	13	1	1	2170	28	0	59.3002		0 	0 	1
DL	76	5	0	1	13	1	1	359	28	0	46.9319	0	0	0
UL	76	7	0	0	13	1	1	2895	28	0	58.1658		0 	0 	1
UL	76	7	0	0	13	1	1	2895	28	0	58.1658		0 	0 	1
DL	77	1	0	1	13	1	1	359	28	0	46.9319	0	0	0
UL	77	3	0	0	13	1	1	2170	28	0	59.3002		0 	0 	1
UL	77	3	0	0	13	1	1	2170	28	0	59.3002		0 	0 	1
DL	77	7	0	1	13	1	1	359	28	0	46.9319	0	0	0
UL	77	9	0	0	13	1	1	1447	28	0	60.9397		0 	0 	1
UL	77	9	0	0	13	1	1	1447	28	0	60.9397		0 	0 	1
DL	78	3	0	1	13	1	1	359	28	0	46.9319	0	0	0
UL	78	5	0	0	13	1	1	2895	28	0	58.1658		0 	0 	1
UL	78	5	0	0	13	1	1	2895	28	0	58.1658		0 	0 	1
DL	78	9	0	1	13	1	1	359	28	0	46.9319	0	0	0
UL	79	1	0	0	13	1	1	2895	28	0	58.1658		0 	0 	1
UL	79	1	0	0	13	1	1	2895	28	0	58.1658		0 	0 	1
DL	79	5	0	1	13	1	1	359	28	0	46.9319	0	0	0
UL	79	7	0	0	13	1	1	1085	28	0	62.1268		0 	0 	1
UL	79	7	0	0	13	1	1	1085	28	0	62.1268		0 	0 	1
DL	80	1	0	1	13	1	1	359	28	0	46.9319	0	0	0
UL	80	4	0	0	13	1	1	2170	28	0	59.3002		0 	0 	1
UL	80	4	0	0	13	1	1	2170	28	0	59.3002		0 	0 	1
DL	80	8	0	1	13	1	1	359	28	0	46.9319	0	0	0
UL	81	0	0	0	13	1	1	3980	28	0	56.9372		0 	0 	1
UL	81	0	0	0	13	1	1	3980	28	0	56.9372		0 	0 	1
DL	81	4	0	1	13	1	1	359	28	0	46.9319	0	0	0
UL	81	6	0	0	13	1	1	1085	28	0	62.1268		0 	0 	1
UL	81	6	0	0	13	1	1	1085	28	0	62.1268		0 	0 	1
DL	82	0	0	1	13	1	1	359	28	0	46.9319	0	0	0
UL	82	2	0	0	13	1	1	2170	28	0	59.3002		0 	0 	1
UL	82	2	0	0	13	1	1	2170	28	0	59.3002		0 	0 	1
DL	82	6	0	1	13	1	1	359	28	0	46.9319	0	0	0
UL	82	8	0	0	13	1	1	2895	28	0	58.1658		0 	0 	1
UL	82	8	0	0	13	1	1	2895	28	0	58.1658		0 	0 	1
DL	83	2	0	1	13	1	1	359	28	0	46.9319	0	0	0
UL	83	4	0	0	13	1	1	2895	28	0	58.1658		0 	0 	1
UL	83	4	0	0	13	1	1	2895	28	0	58.1658		0 	0 	1
DL	83	8	0	1	13	1	1	359	28	0	46.9319	0	0	0
UL	84	0	0	0	13	1	1	2170	28	0	59.3002		0 	0 	1
UL	84	0	0	0	13	1	1	2170	28	0	59.3002		0 	0 	1
DL	84	4	0	1	13	1	1	359	28	0	46.9319	0	0	0
UL	84	6	0	0	13	1	1	2170	28	0	59.3002		0 	0 	1
UL	84	6	0	0	13	1	1	2170	28	0	59.3002		0 	0 	1
DL	85	0	0	1	13	1	1	359	28	0	46.9319	0	0	0
UL	85	2	0	0	13	1	1	2895	28	0	58.1658		0 	0 	1
UL	85	2	0	0	13	1	1	2895	28	0	58.1658		0 	0 	1
DL	85	6	0	1	13	1	1	359	28	0	46.9319	0	0	0
